4.50272
4.66132
7.67392
8.49234
8.99206
9.22939
9.36948
9.60599
13.51088
13.87392
17.07814
19.5663
23.9215
30.95565
36.28857
40.65202
42.66091
42.75383
44.05977
44.26268
44.57333
44.74231
46.7317
47.24014
49.35048
49.62653
49.8122
49.99478
50.98454
51.15746
51.47878
51.81515
51.98961
52.15633
52.32268
52.48866
53.15746
54.72925
55.24957
55.40331
57.39356
57.90739
60.29011
60.47941
60.662
62.34685
62.57669
65.38603
65.61982
65.82517
65.99569
68.06907
68.5746
70.96018
72.03388
72.13283
72.69279
74.32054
76.01664
76.29483
76.49238
76.6629
78.72707
79.24186
81.97429
82.52866
82.73868
83.98649
84.97342
87.75959
87.93406
88.3751
89.86753
90.48236
91.31256
91.99556
97.3224
97.65964
99.99361
102.64966
102.81143
104.32735
105.5405
105.74921
106.09229
106.59125
107.99615
108.14884
112.27424
118.6307
118.76435
119.64621
122.54476
122.84889
125.66104
125.85279
126.87401
127.33215
127.64517
129.30367
129.65941
132.97474
133.35832
136.76748
137.51397
149.658
149.82694
150.11696
150.81469
151.2034
151.52141
151.67256
152.09683
152.65982
153.93628
154.21438
154.66408
154.79483
157.34463
158.09637
165.34694
168.76862
170.95016
171.22844
171.4634
172.17673
172.54177
174.78467
174.89215
178.01397
179.34009
179.50893
179.98925
180.3078
180.50766
180.66975
180.84422
181.33569
181.97306
182.08404
184.88503
184.97524
185.12998
185.45719
189.51315
190.12286
190.65873
190.81311
191.31896
191.5151
194.67134
195.26821
196.69782
200.64585
201.64313
203.39678
203.51574
207.41787
207.93483
210.62898
211.27615
212.06154
212.85134
215.31769
217.35102
219.14376
219.85796
219.95084
221.08313
221.33837
221.57138
223.24236
224.46653
228.00213
229.32009
230.66943
231.00077
233.33383
233.51828
236.00209
237.6678
237.83116
238.88036
239.07261
239.4361
239.64721
240.32204
241.3366
241.66744
244.30068
245.33365
245.46181
246.66349
248.8429
250.11351
251.96603
252.10508
255.87782
258.99737
259.19415
259.99755
260.21442
260.3093
260.67079
260.98694
265.53778
268.2898
268.58467
268.75823
268.84993
270.7088
273.43796
273.64127
274.00104
274.37814
275.82916
276.15551
276.32331
276.48476
277.14553
277.50077
278.69383
279.12327
279.28644
281.77515
282.8093
282.91737
283.92449
284.47896
284.64612
286.61224
286.71973
286.90005
287.65524
287.79832
289.92943
290.09401
290.1844
294.96812
295.33546
295.50458
298.32313
300.45769
300.62091
302.75642
302.91633
303.00871
303.15438
303.31633
303.49061
305.37723
305.47002
305.65029
305.86218
306.01787
308.98975
309.13256
310.02113
310.37551
310.6429
312.23873
312.91252
